89  305
81  434
73  347
272 A82
177 475
376 370
260 A69
342 118
77  299
191 457
259 A68
96  Control_01946_1
192 Control_01946_2
288 Control_01946_3
384 Control_01946_4
240 Control_01946_5
336 Control_01946_6

307   8_al
169 123_al
105    384
146 348_al
280	A90
377	407_al
1	283
49	312
23	326
20	330
27	351
137	374
50	328
56	313
84	296
58	322
65	388
117	310
5	375
30	286
35	306
85	336
131	377
164	360
175	175_al
22	258
36	189
157	211_al
114	180
61	240
128	182
150	179
331	210
359	279
33	466
34	491
103	404_al
109	469
178	48_al
335	82
200	A8
310	149
94	18_al
278	A88
174	68
195	A3
199	A7
209	A17
324	80
275	A85
207	A15
274	A84
190	131
95	145
300	52_al
151	102
167	113
173	130_al
315	64
185	30
188	129
202	A10
213	A22
217	A26
229	A38
227	A36
2	386

